id,breed_1,breed_2,breed_3,breed_4
sample_1,0.00122559367135325,8.7004714645893e-05,0.998687401610571,3.43030448210175e-12
sample_2,0.000197956740252512,0.00450567290589908,0.995296370353482,3.66487507376413e-13
sample_3,0.0154236936135071,0.000229454493137817,0.984346851856246,3.71091525079122e-11
sample_4,0.0632102057184866,0.000103829064435205,0.936685964801804,4.15273776683715e-10
sample_5,9.47455421049846e-06,0.9992999425581,0.000690582887676752,1.24131319486027e-14
sample_6,1.71177259676497e-08,6.19599768498578e-12,1.2453450479014e-08,0.999999970422628
sample_7,2.62587438025846e-05,4.72783645691587e-07,0.999973268471693,8.5907737416281e-13
sample_8,1.11558319562921e-08,1.97255358248026e-12,4.08215701286509e-09,0.999999984760039
sample_9,2.03826673930658e-06,0.999962839879751,3.51218535076981e-05,2.26847940556611e-15
sample_10,3.00005837490633e-05,0.999949639949716,2.03594665269907e-05,7.87078949824236e-15
sample_11,0.999998139288351,9.72680795465599e-07,8.87746636035678e-07,2.84217391540088e-10
sample_12,5.58495795379653e-09,1.42990983051324e-12,5.07786795298317e-09,0.999999989335744
sample_13,1.3339903215679e-08,3.67188368538181e-12,1.73321906272889e-08,0.999999969324234
sample_14,2.20124413565678e-06,0.999996207047932,1.59170793091817e-06,1.06603418577632e-15
sample_15,0.0610508505707445,0.534893013103646,0.404056136307697,1.79123819430618e-11
sample_16,1.78995533199468e-06,0.999952682011868,4.55280327976939e-05,2.38751451228391e-15
sample_17,5.88533577046561e-05,3.03935009246253e-07,0.999940842696535,1.07506352991168e-11
sample_18,2.46652623298347e-05,0.997939457551743,0.00203587718589962,2.77811100002293e-14
sample_19,0.999998278946475,9.50839972111713e-07,7.70031594361992e-07,1.81958798683393e-10
sample_20,1.08737873751449e-05,0.999812809590456,0.000176316622160894,8.22860982988738e-15
sample_21,2.27655120056047e-08,2.98821983227686e-12,7.44102945382488e-09,0.99999996979047
sample_22,0.998236232620071,6.19354032066228e-05,0.00170183154130554,4.35417248321298e-10
sample_23,0.999948844364656,4.98141690034586e-05,1.34146402290254e-06,2.31814605300968e-12
sample_24,7.77767834327477e-05,4.41505883249843e-07,0.999921781705502,5.18157851068199e-12
sample_25,5.34373093282402e-07,0.999994085182035,5.38044487047521e-06,7.8250707548217e-16
sample_26,1.74686599715511e-05,2.33718941434619e-05,0.999959159445789,9.62038942839894e-14
sample_27,0.000115222691266334,5.5169387642329e-07,0.999884225607451,7.40594469680057e-12
sample_28,0.998420539331761,0.000140299121298312,0.00143916137281131,1.74129727145953e-10
sample_29,0.999602848489259,0.00039535904498157,1.79246412377104e-06,1.63553902389734e-12
sample_30,0.998926417968275,0.000976688662336865,9.68933580226441e-05,1.13650405709561e-11
sample_31,7.62638218705409e-05,0.999920464323079,3.27185504087552e-06,9.94880708687626e-15
sample_32,5.9671004939461e-05,0.998278910282641,0.00166141871237817,4.0836041629107e-14
sample_33,2.62804108086622e-05,0.999767657360304,0.000206062228873759,1.37876875252649e-14
sample_34,9.88971277306869e-05,0.000274652705371153,0.999626450166656,2.42472244629717e-13
sample_35,1.15252948599616e-07,1.87017760970512e-11,1.20498168080521e-07,0.999999764230182
sample_36,1.63376776212353e-08,6.61027555690996e-12,2.23796002128904e-08,0.999999961276112
sample_37,3.7736805264469e-07,0.999998609240001,1.01339194573224e-06,5.49575585100549e-16
sample_38,0.999998415424756,1.12502825189739e-06,4.59504525826919e-07,4.24659488748184e-11
sample_39,0.9999978522757,8.61821944581784e-07,1.28549970000979e-06,4.02655335856246e-10
sample_40,5.13930661503784e-05,3.06900917049424e-07,0.999948300025443,7.48929386672276e-12
sample_41,2.66987822204801e-05,4.02764228141929e-07,0.999972898452376,1.1750944264902e-12
sample_42,1.26661240607371e-06,0.999900848526182,9.78848614087804e-05,3.33637248452814e-15
sample_43,3.47311804756513e-05,4.84688044521777e-07,0.999964784130278,1.20194542194909e-12
sample_44,5.08980307402823e-06,0.999594425841642,0.0004004843552756,8.03310940998363e-15
sample_45,0.999996766455952,8.59331113955254e-07,2.37292215799566e-06,1.29077636121539e-09
sample_46,3.96339774608475e-07,0.999998357415947,1.24624427807325e-06,5.29096493009419e-16
sample_47,0.999942685442757,3.12065361748727e-05,2.61079953935828e-05,2.56743149632867e-11
sample_48,0.999996504315395,1.8232113089613e-06,1.67242806625921e-06,4.52296691707956e-11
sample_49,4.10586549539496e-05,2.83248711980291e-05,0.999930616473687,1.61341938583657e-13
sample_50,8.32306889639711e-08,2.76662768121944e-11,1.78298840443499e-07,0.999999738442804
sample_51,4.73821130870816e-05,2.37372425521507e-06,0.999950244162189,4.69049551978234e-13
sample_52,0.999998025995368,1.35759165102607e-06,6.1638538235918e-07,2.75987693495401e-11
sample_53,0.999977407917675,1.51362225614422e-06,2.10745275820214e-05,3.93248637052287e-09
sample_54,0.999991600009451,7.35264493870892e-06,1.04733996210673e-06,5.64800952702516e-12
sample_55,0.999993275290603,6.11678342551833e-06,6.0792166368297e-07,4.30779805137397e-12
sample_56,0.99998795044108,1.17492973464827e-05,3.00259603621058e-07,1.9693814320449e-12
sample_57,0.999994363918571,4.00535658726973e-06,1.63071022642207e-06,1.46159165928855e-11
sample_58,0.997794978390746,7.61332599664204e-06,0.00219735177602814,5.65072296370814e-08
sample_59,0.999984342999323,1.21317045403029e-05,3.52528586636076e-06,1.0270179389354e-11
sample_60,7.24928398318531e-07,0.999998545793411,7.29278190455697e-07,6.49044808926737e-16
sample_61,0.999986004410454,1.52446649488605e-06,1.24698363847372e-05,1.28666608535931e-09
sample_62,0.999998371810407,1.22471484238097e-06,4.0343685542695e-07,3.78951362326193e-11
sample_63,0.99976228364537,5.3179916893324e-06,0.000232394848459796,3.51448124263622e-09
sample_64,3.17166307529243e-08,1.0172926600473e-11,5.50588851115773e-08,0.999999913214311
sample_65,0.999997706590293,8.62912488185787e-07,1.42993034109886e-06,5.66877952675163e-10
sample_66,0.999953072991589,4.35529195026634e-05,3.37408442396025e-06,4.48385052270423e-12
sample_67,7.59031924980197e-06,0.999269176948739,0.000723232731999796,1.16904372488466e-14
sample_68,8.48340096124893e-09,1.40911457230025e-12,4.40145029318362e-09,0.99999998711374
sample_69,0.999903576380058,8.99652567631025e-05,6.45835817079995e-06,5.00760338171039e-12
sample_70,2.76462084705412e-05,0.999970671746397,1.68204512771144e-06,5.08000105357167e-15
sample_71,0.00338631708692042,2.40738692788924e-06,0.996611274839373,6.86778405990579e-10
sample_72,0.999986135146676,1.65427206275874e-06,1.22096575545754e-05,9.2370684116417e-10
sample_73,2.31852747619422e-05,2.526462661524e-05,0.999951550098519,1.03950067963771e-13
sample_74,0.999993573293184,9.31233594030406e-07,5.49044435202578e-06,5.02886999487997e-09
sample_75,2.59520720574612e-06,0.999990610835876,6.79395691708466e-06,1.54256800838265e-15
sample_76,0.000140050374660454,2.93582337666253e-06,0.999857013800349,1.61351825665173e-12
sample_77,0.00104894758220463,1.72431235275038e-06,0.998949328018259,8.71840264096069e-11
sample_78,3.82943455585499e-06,0.999995451623308,7.18942134744383e-07,1.63958039192426e-15
sample_79,0.999502464549299,4.47546258141621e-06,0.000493033658549134,2.6329570439721e-08
sample_80,0.999936178070364,1.74870148211336e-06,6.20432173779049e-05,3.00107758724393e-08
sample_81,3.11525361095518e-07,0.99999845904339,1.22943124787084e-06,6.44840894290839e-16
sample_82,0.999928687905261,2.23189360387267e-05,4.89931005091671e-05,5.81911402811439e-11
sample_83,0.00182463987963479,0.000543822737984874,0.997631537379492,2.88877640768669e-12
sample_84,0.99983770007737,0.000155042289258452,7.25762900149156e-06,4.36973640437092e-12
sample_85,2.38137925088173e-06,0.99999605242149,1.5661992576036e-06,1.11043599377385e-15
sample_86,3.64573628507569e-07,0.99999738022156,2.25520481020881e-06,1.43447916353966e-15
sample_87,0.999998382725591,1.1721650625045e-06,4.45075215857688e-07,3.41304765909529e-11
sample_88,0.00015833416214872,0.999836704112596,4.96172523835184e-06,1.65822970254415e-14
sample_89,9.76942269577487e-05,3.66683952010626e-07,0.999901939077109,1.19813571715865e-11
sample_90,0.000245350081902556,1.11379313385132e-06,0.999753536114728,1.02354552938856e-11
sample_91,0.000810836334074692,1.0640665623179e-06,0.999188099461284,1.38078748646349e-10
sample_92,9.90671015064128e-09,1.55923327759243e-12,4.56034863910957e-09,0.999999985531382
sample_93,0.999998120748502,8.99266818916848e-07,9.79699914872364e-07,2.84764354328877e-10
sample_94,0.999979634606298,1.19206024912037e-05,8.44476911583928e-06,2.20951211443087e-11
sample_95,6.84855981603878e-05,1.25421939081044e-06,0.999930260181252,1.19685150558338e-12
sample_96,8.5632298994906e-06,0.999990636029197,8.00740900302652e-07,2.97089401366534e-15
sample_97,0.99908460735692,0.000904462832208756,1.09298074332593e-05,3.43765334767425e-12
sample_98,0.99999749632727,9.46593529702218e-07,1.556080091676e-06,9.99108331934092e-10
sample_99,0.999987121101523,7.05966793731868e-06,5.8192041617329e-06,2.63777613189241e-11
sample_100,0.999998099411799,1.09073683960603e-06,8.09596510120959e-07,2.54851331430647e-10
sample_101,1.13563571609913e-05,0.999980069980142,8.57366269289163e-06,3.63513161717003e-15
sample_102,2.8423796055793e-07,0.999996552539292,3.1632227464634e-06,9.87438981261831e-16
sample_103,0.998721164626632,1.25113018793085e-05,0.00126631967777181,4.39371639230942e-09
sample_104,0.011892716930763,3.14185597458732e-06,0.988104123200261,1.80130009227276e-08
sample_105,0.999187841926604,1.65376662991047e-05,0.000795619032192344,1.37490468214319e-09
sample_106,3.56780961130723e-07,0.999998097078928,1.54614010985353e-06,5.38268171429358e-16
sample_107,5.4388503368514e-06,0.999982904994503,1.16561551579601e-05,2.60058531251431e-15
sample_108,0.000133780806305735,0.000298199007039705,0.999568020186347,3.07578511671412e-13
sample_109,6.04264943795025e-07,0.999988512377547,1.08833575078606e-05,1.04772658624661e-15
sample_110,1.49026848820311e-05,1.57082229873759e-06,0.999983526492638,1.81707703034319e-13
sample_111,9.22401785102254e-06,0.999989972870165,8.03111980905961e-07,3.29608605473868e-15
sample_112,0.997947879879272,0.000168051116093313,0.00188406882167826,1.82956024110408e-10
sample_113,9.06769340158293e-05,0.00242190809084627,0.99748741497492,2.18305521388052e-13
sample_114,0.000323303152641121,4.17820348299743e-07,0.999676278807838,2.19172965624078e-10
sample_115,0.98923152289967,0.00859349448345738,0.00217498258402929,3.28434772731601e-11
sample_116,3.22556359052835e-05,4.23655330467599e-07,0.999967320706677,2.08734531935079e-12
sample_117,1.622601680719e-08,6.55809317982755e-12,2.21606520223661e-08,0.999999961606773
sample_118,0.999989068934685,1.02525645942394e-06,9.89150820661848e-06,1.43006490069763e-08
sample_119,0.999998159065993,9.90101086952531e-07,8.50570093439966e-07,2.62826369871181e-10
sample_120,2.01337379147166e-05,1.33661632670091e-05,0.999966500098714,1.04671920040087e-13
sample_121,0.000292057324345617,1.87395833063128e-06,0.999706068710165,7.15858888783544e-12
sample_122,9.26203469994617e-07,0.999958802379631,4.02714168973188e-05,2.01612893149714e-15
sample_123,0.998584073913677,0.00140336793603567,1.25581468719945e-05,3.41492868479957e-12
sample_124,3.41633334767067e-07,0.999997501438884,2.1569277799227e-06,1.26883005096102e-15
sample_125,4.63500485219441e-05,4.38168777686064e-07,0.999953211780558,2.14237464126466e-12
sample_126,0.998141287696611,0.00185466333178751,4.04896960575233e-06,1.99559645429719e-12
sample_127,0.0328375250994359,3.28771663453843e-05,0.967129597149764,5.84454397707954e-10
sample_128,7.4161242527627e-05,0.999888380551009,3.74582064478703e-05,1.57386770394722e-14
sample_129,3.23575443074145e-05,3.71478697709027e-07,0.999967270974789,2.20567631413861e-12
sample_130,8.48889729687628e-05,0.979869512770876,0.0200455982560438,1.1122774507895e-13
sample_131,7.79536856381613e-06,0.999979856508867,1.23481225658638e-05,3.21064707183795e-15
sample_132,0.996562056848594,0.000122233608861309,0.00331570917642256,3.66122401472024e-10
sample_133,0.000127782335186586,8.35897161535931e-05,0.9997886279483,3.60321418422793e-13
sample_134,0.999998272360679,1.38167698035619e-06,3.45940366148561e-07,2.19742595561551e-11
sample_135,0.000156541083993364,0.000395478774586035,0.999447980141081,3.396900298298e-13
sample_136,0.998993389013007,0.000991672297674809,1.4938685332071e-05,3.98587231140331e-12
sample_137,0.998213463069061,0.000354606267069517,0.00143193057309916,9.07704022717584e-11
sample_138,0.999992250260389,2.43875224897931e-06,5.3108813651123e-06,1.05996859238808e-10
sample_139,1.63758399361741e-05,1.4213427607133e-05,0.999969410732362,9.48285436444094e-14
sample_140,0.000115838917396036,1.90327527943463e-05,0.99986512832932,4.89900980803787e-13
sample_141,2.30026732817637e-08,3.01311075678626e-12,7.50051507422556e-09,0.999999969493799
sample_142,4.21559174006578e-05,3.67220571822637e-07,0.999957476857667,4.3601538502319e-12
sample_143,8.0727696374277e-06,0.999990644001011,1.28322934872934e-06,2.27567818734712e-15
sample_144,8.02221789191004e-07,0.999998524216019,6.73562190696584e-07,7.04027001889189e-16
sample_145,0.999996561885504,3.16284099325017e-06,2.75268707035504e-07,4.79578611046883e-12
sample_146,8.04240595896483e-09,2.58410111390351e-12,6.29141456773141e-09,0.999999985663595
sample_147,5.79733299027903e-06,0.999190502474675,0.00080370019232356,1.14561489846493e-14
sample_148,1.15842599123474e-07,4.02867179241806e-11,2.69757175711255e-07,0.999999614359938
sample_149,4.70856643962192e-05,3.69559377163623e-07,0.999952544770478,5.74844848638334e-12
sample_150,7.11886778618162e-05,3.11712025242352e-06,0.999925694201233,6.52434265431827e-13
sample_151,0.0167386384375875,0.000507783784579475,0.982753577750223,2.76100992575019e-11
sample_152,4.44893257726712e-07,0.999986948228275,1.26068784664248e-05,1.19935357972101e-15
sample_153,0.999996135790395,1.59291008436079e-06,2.27121455762699e-06,8.49634739916081e-11
sample_154,1.12864919774309e-08,1.96540105349939e-12,4.10101233540548e-09,0.99999998461053
sample_155,0.999581537382132,0.000152642090254637,0.000265820478559517,4.9053871865647e-11
sample_156,0.999992583088885,4.55204028819054e-06,2.86484913643529e-06,2.16909154213046e-11
sample_157,6.93938028980475e-05,1.38770196153267e-06,0.999929218494022,1.11828138158965e-12
sample_158,0.00479757760525286,0.995135502795019,6.69195994897271e-05,2.38868927234682e-13
sample_159,0.967796640967473,0.000291175089002808,0.0319121831442686,7.99255958661475e-10
sample_160,0.000181008693961891,1.30482367767054e-06,0.99981768647738,4.9800196418506e-12
sample_161,2.30587057902375e-05,0.99997493934246,2.00195174543333e-06,4.45598312347328e-15
sample_162,4.37552670668943e-05,0.999946291990578,9.95274234661697e-06,8.33804289126097e-15
sample_163,0.00942760007225892,2.32726991952702e-06,0.990570031726192,4.0931629902522e-08
sample_164,0.000631271138962906,6.17715818241707e-07,0.999368110758604,3.86615232828157e-10
sample_165,1.32699157607256e-05,0.999592525307878,0.000394204776349217,1.17921587103317e-14
sample_166,1.60756215345667e-06,0.999959129569407,3.92628684378598e-05,2.18032827743716e-15
sample_167,5.72477540950374e-07,5.82238562556611e-11,3.08106007266738e-07,0.999999119358228
sample_168,3.16437395091351e-07,0.999997406856753,2.27670585027824e-06,1.14570126825182e-15
sample_169,0.999997325531795,1.37814779006281e-06,1.29626197295115e-06,5.84424366213939e-11
sample_170,6.20654922414152e-05,0.999935456275388,2.47823236197955e-06,8.64062716854904e-15
sample_171,2.11315548998344e-05,2.92712535259884e-05,0.999949597191478,9.63947368284278e-14
sample_172,1.95580843755473e-05,1.30617279954437e-05,0.999967380187526,1.03043806898831e-13
sample_173,1.14365993923889e-06,0.999998240170399,6.16169660804073e-07,8.87879767733913e-16
sample_174,1.95621902959126e-06,0.999965996951999,3.20468289686746e-05,2.16255947444064e-15
sample_175,9.82387330368976e-06,0.999987492209031,2.68391766256921e-06,2.67722267252694e-15
sample_176,4.55929688245735e-05,3.19702744220505e-07,0.99995408732462,3.811384713156e-12
sample_177,7.76569617535969e-05,2.82687490199023e-05,0.999894074288936,2.90592323912238e-13
sample_178,1.9572563912085e-06,0.999997428715971,6.14027636811987e-07,1.48688276336068e-15
sample_179,4.4084626228261e-07,0.999989526452425,1.00327013115673e-05,1.03868071255613e-15
sample_180,0.999509064257359,0.000488886337682527,2.04940327281284e-06,1.68583967384017e-12
sample_181,0.0138073682982882,0.000839024852054752,0.985353606831091,1.85665959122939e-11
sample_182,0.00055996739351997,1.11271288475327e-06,0.999438919841267,5.23278662725981e-11
sample_183,1.72631615960722e-05,0.999981762154193,9.7468420609402e-07,4.59160302857836e-15
sample_184,0.0082036369033447,0.988751994544623,0.00304436855100251,1.02964372752952e-12
sample_185,6.81053261235024e-05,7.36781898806966e-05,0.999858216483785,2.10332871700545e-13
sample_186,0.99030172899558,5.67591503918569e-05,0.00964150956486522,2.28916276747952e-09
sample_187,0.112801861664294,0.00783372729335033,0.879364410974491,6.78648671226162e-11
sample_188,6.99416373021407e-05,3.10349362034779e-07,0.999929747996174,1.71618272019154e-11
sample_189,2.92371322093094e-07,0.99999679008194,2.91754673709067e-06,6.85143638072808e-16
sample_190,1.90172353076594e-05,1.43878339072031e-05,0.999966594930686,9.94532390831207e-14
sample_191,1.32298127332368e-06,0.999998021783573,6.5523515259815e-07,1.43934230917076e-15
sample_192,0.999996761683742,2.69182391059671e-06,5.46483675428191e-07,8.67165727587013e-12
sample_193,8.94579251019389e-09,1.44912648419906e-12,4.25357134192285e-09,0.999999986799187
sample_194,0.999991700912353,6.87603167845672e-06,1.42304831439104e-06,7.65433565194111e-12
sample_195,1.73114231430268e-06,0.999997667694508,6.01163176720252e-07,1.23849408000243e-15
sample_196,0.00460248320358311,0.995354714524052,4.28022721569039e-05,2.08257660528308e-13
sample_197,1.40007840391345e-07,3.81480573329758e-11,2.86276452775447e-07,0.999999573677559
sample_198,9.92812629641953e-07,0.999998326455486,6.80731883785177e-07,7.55100818886349e-16
sample_199,1.79285074122448e-05,0.997859599597856,0.0021224718947069,2.46217373116705e-14
sample_200,7.41680863931684e-05,2.4104279062616e-05,0.999901727634254,2.90236447057951e-13
sample_201,1.0681436531303e-08,1.93213894649316e-12,3.99150082140797e-09,0.999999985325131
sample_202,0.929620316360951,0.000128252933715845,0.0702514271362616,3.56907167455852e-09
sample_203,2.09388356138257e-05,9.68601635167015e-07,0.999978092562426,3.24425151904228e-13
sample_204,2.74706110097015e-05,4.49243467463421e-07,0.999972080144146,1.37650576196248e-12
sample_205,8.65925399893502e-05,0.999901491562044,1.19158979539242e-05,1.31357613780235e-14
sample_206,1.58186785083216e-08,4.7190710417355e-12,8.57949627940275e-09,0.999999975597106
sample_207,1.45518440779917e-06,1.02174016707493e-10,2.17667581220675e-07,0.999998327045837
sample_208,1.20635811960506e-05,0.999986898976821,1.03744197941198e-06,3.14168767193611e-15
sample_209,0.00142799045735078,1.63765915265757e-06,0.998570371685459,1.9803809318353e-10
sample_210,0.999350289119599,0.00064706263197315,2.64824661064804e-06,1.81672582947775e-12
sample_211,7.50185889146085e-09,1.49898310264441e-12,3.31679515586786e-09,0.999999989179847
sample_212,8.31985269744372e-05,0.999914959801249,1.8416717647554e-06,1.14695664260159e-14
sample_213,0.0513916934318838,0.00175042313846006,0.946857883376361,5.32951125448275e-11
sample_214,0.999993808249367,1.09265180360793e-06,5.09816624649077e-06,9.32582447654802e-10
sample_215,1.09986240541821e-08,1.96705151495431e-12,4.05588223826954e-09,0.999999984943527
sample_216,2.14200703205703e-05,0.999967012275802,1.15676538717024e-05,5.6322814161715e-15
sample_217,1.90575932406619e-06,0.999860962844634,0.000137131396037854,3.97531021103566e-15
sample_218,4.40455652969519e-05,1.61342677091337e-05,0.999939820166797,1.96492910413276e-13
sample_219,4.0676363636591e-05,5.70458827532857e-05,0.999902277753468,1.42182248027018e-13
sample_220,0.989576129759224,6.00337854972731e-05,0.0103638342111245,2.24415364224592e-09
sample_221,0.000179505303427538,0.987902791269536,0.0119177034268976,1.38851880846641e-13
sample_222,3.84323565835879e-06,0.999995463278973,6.93485365696427e-07,2.48910981209377e-15
sample_223,1.6639728647546e-05,1.59636397673816e-06,0.999981763907187,1.88315155570812e-13
sample_224,0.000292547822117562,0.00362714152463708,0.996080310652761,4.84264552097228e-13
sample_225,0.999914820357897,3.8945139651616e-05,4.62344681578075e-05,3.42933901606426e-11
sample_226,0.999433824133655,0.000563705913703049,2.46995085102126e-06,1.79101135660816e-12
sample_227,8.7044040473924e-08,1.06252756763581e-11,4.7827034338269e-08,0.9999998651183
sample_228,5.80395159806657e-05,3.07256520792827e-07,0.999941653217082,1.04167493388282e-11
sample_229,1.42923333688951e-05,0.999371180963508,0.000614526703109146,1.41963415014418e-14
sample_230,6.96506784394522e-06,0.999965560271703,2.74746604492863e-05,3.74017822476748e-15
sample_231,0.000100144333855398,0.993822149326742,0.00607770633932173,8.13245641537884e-14
sample_232,0.999998152410571,9.08030986881429e-07,9.39291821266234e-07,2.66620758487741e-10
sample_233,0.000361401233720389,0.000125790102968528,0.999512808662436,8.75652061683395e-13
sample_234,0.999991059610442,8.54475551900634e-06,3.95631445137414e-07,2.59347675781117e-12
sample_235,0.999998419473615,1.08708749807318e-06,4.93377614670596e-07,6.12722456136714e-11
sample_236,0.999272134987852,0.00072315717423096,4.7078355913018e-06,2.32554438141158e-12
sample_237,0.999618059522828,0.000379511915241834,2.42856005502056e-06,1.87513812975222e-12
sample_238,0.983598614011731,0.00105073783241603,0.015350647953973,2.01879605295209e-10
sample_239,0.999967303976811,3.15385221185054e-05,1.15749852037265e-06,2.54965800321991e-12
sample_240,0.000112464969008248,5.47206861940518e-07,0.999886987816959,7.17130624367173e-12
sample_241,0.98820086032099,0.000325869087302162,0.0114732702193189,3.72389347384347e-10
sample_242,2.09918549842092e-05,3.95418451251629e-06,0.99997505396035,1.52864039993687e-13
sample_243,0.999996273112569,1.56880419700545e-06,2.1580009277493e-06,8.23058725369241e-11
sample_244,4.76494873739863e-05,4.68710076082174e-07,0.99995188180052,2.03007084470265e-12
sample_245,0.999991597113907,7.9316948184563e-06,4.71188264649062e-07,3.01024851309263e-12
sample_246,1.18028364989409e-08,1.80799104800399e-12,4.48094913515547e-09,0.999999983714406
sample_247,0.999629632259289,3.37387455175742e-06,0.000366934793493838,5.9072664947073e-08
sample_248,0.99535884522966,7.06840533097585e-05,0.00457046985308443,8.63945889582839e-10
sample_249,0.999912252990609,8.69144279157891e-05,8.32579951615452e-07,1.523849483851e-12
sample_250,5.44527904634957e-07,7.81493342951607e-11,6.02476141568227e-07,0.999998852917805
sample_251,0.999404972805968,0.000592797757935765,2.22943438531259e-06,1.71076137078997e-12
sample_252,4.10248557261629e-07,0.999998169793778,1.41995766469896e-06,5.33617881903345e-16
sample_253,0.000466084292787896,5.81321573920056e-07,0.99953333420674,1.7889865792282e-10
sample_254,1.68348140424264e-06,0.999997480866499,8.35652095836935e-07,9.20087731951723e-16
sample_255,0.99999830257701,1.09555256659987e-06,6.01750662411947e-07,1.1976129624727e-10
sample_256,0.999914586956691,8.71927746531274e-06,7.66934779435567e-05,2.87899730212846e-10
sample_257,3.88882220343274e-08,5.05277815601567e-12,1.98790303268277e-08,0.999999941227695
sample_258,0.000488512034295042,4.01703010434995e-06,0.999507470928341,7.25966788497002e-12
sample_259,8.95737009264869e-08,1.11808181373963e-11,5.24962129423942e-08,0.999999857918905
sample_260,0.990076440363812,0.00756022729731581,0.00236333230355946,3.53131187701483e-11
sample_261,6.0592114254894e-06,0.999955341609442,3.85991791284939e-05,3.83698674939269e-15
sample_262,0.987110025008345,0.000648456824123256,0.0122415179305411,2.36990186977725e-10
sample_263,0.00670153674295653,1.75613090033075e-05,0.993280901857093,9.09468506833327e-11
sample_264,0.999991529235363,8.2080919817512e-06,2.62670344002318e-07,2.31094959026256e-12
sample_265,0.958531018138054,0.0350447545138267,0.00642422730822382,3.98952224987837e-11
sample_266,2.93741666328323e-06,0.999971823660457,2.52389228773047e-05,2.37313354469529e-15
sample_267,0.999500802162693,4.55303796896122e-06,0.000494620308845494,2.4490492892014e-08
sample_268,7.47592592815059e-07,0.999956119354927,4.31330524780036e-05,2.24161723182452e-15
sample_269,8.21296639519398e-08,1.41190908205854e-11,8.86825324672305e-08,0.999999829173685
sample_270,0.999854191690643,0.000144946619024256,8.61688917270503e-07,1.41579034036343e-12
sample_271,0.999998171663569,1.07889226621518e-06,7.49384929574446e-07,5.92357749918169e-11
sample_272,0.00828509099377098,0.987040581909506,0.00467432709554248,1.18021977242358e-12
sample_273,0.000105407135151005,1.83423789172534e-05,0.999876250485482,4.49847233941494e-13
sample_274,0.996770710181564,6.94785167853821e-05,0.00315981065753109,6.44119416946327e-10
sample_275,0.00419574768536481,3.51418435384151e-05,0.995769110446573,2.4523368031183e-11
sample_276,1.54537720781599e-06,0.99999785352046,6.01102331656452e-07,1.11264296659566e-15
sample_277,7.35919869633389e-05,4.1013487126364e-05,0.999885394525658,2.52298703038433e-13
sample_278,9.77704013412766e-05,0.99807542553243,0.00182680406617274,5.55500372993289e-14
sample_279,4.689800422421e-06,0.999947867716014,4.7442483559839e-05,3.59803106528014e-15
sample_280,1.77438773061409e-05,2.56168771412545e-05,0.999956639245456,9.67631551483362e-14
sample_281,3.54794194322027e-05,1.59624125559314e-05,0.999948558167851,1.61262049909928e-13
sample_282,7.99729350309143e-09,1.55106478905583e-12,3.40292419195396e-09,0.999999988598231
sample_283,0.999432658264873,1.00497782459404e-05,0.000557289506593532,2.45028738943141e-09
sample_284,0.0419679812662629,8.61247774829052e-06,0.958023383586995,2.26689938799825e-08
sample_285,4.20832328068283e-08,1.51044350695833e-11,8.10772574399288e-08,0.999999876824405
sample_286,0.99998519674789,1.44248002981291e-05,3.78449882808986e-07,1.92861923118544e-12
sample_287,0.999996312825986,2.58104202303291e-06,1.10611481896548e-06,1.71717671440501e-11
sample_288,0.996609306029823,0.00290511853837257,0.000485575411568152,2.02366317068692e-11
sample_289,6.63051689472009e-05,0.999759850590709,0.000173844240322096,2.23359007005683e-14
sample_290,1.26494852387951e-05,0.99995499237744,3.23581373158344e-05,5.41179315263913e-15
sample_291,0.996792433343662,0.00299860959666167,0.000208957046835592,1.28405260880267e-11
sample_292,0.00416320445336418,0.000280030082098901,0.995556765456501,8.0355657733278e-12
sample_293,1.82688731797545e-05,1.67257476998949e-05,0.999965005379025,9.51565943132193e-14
sample_294,0.000946082750084891,0.994660533818214,0.00439338343141556,2.85808758357876e-13
sample_295,1.72772550685304e-08,3.98540328321549e-12,6.77881432231024e-09,0.999999975939945
sample_296,0.999996228985007,1.09827895884902e-06,2.67244409208699e-06,2.91941522026967e-10
sample_297,0.999988546749919,2.32637655337397e-06,9.12663779467998e-06,2.35732521398256e-10
sample_298,0.921461550882244,0.000152452688023028,0.0783859934118112,3.01792208164355e-09
sample_299,0.999819011737041,0.000177217394517784,3.77086562618727e-06,2.81452075821931e-12
sample_300,0.00129840014813316,7.64472385882607e-07,0.998700832725383,2.65409836041638e-09
sample_301,0.00118519241707697,0.99589675573191,0.00291805185072016,2.92998093644885e-13
sample_302,4.13071292422751e-05,2.12471907442392e-06,0.999956568151258,4.25452815335863e-13
sample_303,4.26050568679315e-05,3.11885859748092e-07,0.999957083053487,3.78555497972104e-12
sample_304,0.999991136828134,2.21733867476071e-06,6.64566267309364e-06,1.70518631028443e-10
sample_305,0.000967647002739865,0.99898071629204,5.16367051381291e-05,8.24828006251414e-14
sample_306,1.02405028117473e-07,1.69100159699053e-11,1.07875113638194e-07,0.999999789702948
sample_307,0.994870596013304,0.00510695884401192,2.2445138862872e-05,3.82129281270183e-12
sample_308,9.29576851335368e-05,0.999894843690581,1.21986242718483e-05,1.37892651500043e-14
sample_309,0.00012675687985501,3.78931000585258e-06,0.999869453808953,1.18630366186831e-12
sample_310,0.0285569594255872,0.000241463242376774,0.971201577257708,7.43277079919479e-11
sample_311,9.35172640431181e-09,1.49609573164674e-12,4.40155705584356e-09,0.99999998624522
sample_312,1.45218813919538e-05,1.98873272505505e-06,0.999983489385723,1.60111121948722e-13
sample_313,9.49728218501108e-06,0.999081360339812,0.000909142377988617,1.385873323584e-14
sample_314,0.99999840114112,1.16893561292763e-06,4.29880255021857e-07,4.30121419009391e-11
sample_315,9.6906713819043e-05,4.04501235828657e-06,0.999899048273008,8.14820741002166e-13
sample_316,1.5138818848288e-06,0.999996464229694,2.02188841985899e-06,9.08157227250272e-16
sample_317,2.58916204940683e-06,0.999705785318211,0.000291625519733569,6.14029067959933e-15
sample_318,1.04325885681338e-06,0.99999834728331,6.09457831932522e-07,1.02740435745293e-15
sample_319,0.000166534499303086,4.25065143618854e-06,0.9998292148477,1.56062947839174e-12
sample_320,7.29061069912706e-05,0.00100091818561563,0.998926175707208,1.85152634192206e-13
sample_321,5.55754430425636e-06,0.999963303985163,3.11384705294644e-05,3.44711293184904e-15
sample_322,8.22143119649969e-09,1.36487882400404e-12,3.8785809975553e-09,0.999999987898623
sample_323,0.99999758916307,1.10190826395949e-06,1.30813709836403e-06,7.91567159548668e-10
sample_324,0.000127184143501797,0.00256808043405007,0.997304735422178,2.69775657316658e-13
sample_325,0.000750101014459221,0.989360706958616,0.0098891920266127,3.117426655647e-13
sample_326,5.15788483254816e-06,0.999980946752502,1.38953626629987e-05,2.64716898460782e-15
sample_327,4.20607834027224e-07,0.999997338787152,2.24060501253102e-06,1.73394504195663e-15
sample_328,0.999911711710005,8.74198638615666e-05,8.68424583852177e-07,1.54963074282655e-12
sample_329,1.84296122878902e-05,1.76939938455092e-05,0.999963876393772,9.48883675042373e-14
sample_330,2.05145555996093e-06,0.999996876329948,1.07221449079659e-06,1.0044000194903e-15
sample_331,0.00183535830967309,3.49743829428847e-05,0.998129667298836,8.54783830469434e-12
sample_332,0.999985100817466,1.20917243749418e-06,1.36848743218491e-05,5.13577516140798e-09
sample_333,0.998678690499948,0.000414494064646926,0.00090681537333399,6.20709458361201e-11
sample_334,0.999995597147324,2.85433866506761e-06,1.54849305039691e-06,2.09602252656743e-11
sample_335,0.000364318426123773,0.999629361939126,6.31963472131433e-06,2.93645168780105e-14
sample_336,7.94374479061346e-05,0.00145478180634306,0.998465780745554,1.97250307648179e-13
sample_337,5.68044078027574e-07,0.999994993883079,4.43807284243571e-06,7.42690297497725e-16
sample_338,0.999998331142618,1.05051499591077e-06,6.18219910371839e-07,1.22475995347825e-10
sample_339,1.65772735347417e-05,3.25964849609072e-06,0.99998016307779,1.7889204214773e-13
sample_340,1.13302820954553e-07,3.02449413899223e-11,2.19722979052169e-07,0.999999666943955
sample_341,0.000118741799360621,0.00259398512087371,0.997287273079508,2.58087502524154e-13
sample_342,0.999992471524691,6.55485685377088e-06,9.73612611890992e-07,5.84303489772228e-12
sample_343,1.11376518046381e-06,0.999997188882884,1.69735193488385e-06,7.63701931847978e-16
sample_344,1.75083573575226e-08,4.02993473719446e-12,6.8346773644679e-09,0.999999975652935
sample_345,0.000118370323944192,4.03852570489474e-07,0.999881225809014,1.44709988021643e-11
sample_346,1.54326018940351e-05,1.37008284944733e-06,0.999983197315035,2.21919163001976e-13
sample_347,3.9812270653011e-05,0.99995722724213,2.96048721021487e-06,6.46349762670989e-15
sample_348,0.0133727208460061,0.982390318723215,0.00423696042921395,1.56521863291325e-12
sample_349,6.48115781845858e-05,0.984802804430042,0.0151323839916841,8.8892124122738e-14
sample_350,1.98413655112946e-05,4.30181247698498e-05,0.999937140509625,9.38906319849921e-14
sample_351,0.999988703959195,5.34509639027479e-06,5.95090733764228e-06,3.70776440516708e-11
sample_352,9.71035983178133e-07,0.99999841535877,6.13605246039387e-07,8.51993713397302e-16
sample_353,8.51366922175862e-05,5.80998981047323e-07,0.999914282304854,3.94696781067334e-12
sample_354,2.38082960748733e-05,3.31089210179363e-05,0.999943082782805,1.02266906254483e-13
sample_355,0.000679951976747244,0.000140544350177683,0.999179503671495,1.58014891376798e-12
sample_356,1.04709222143135e-08,1.91503736778589e-12,3.95332822194528e-09,0.999999985573834
sample_357,0.000767121046826641,0.9518411145256,0.0473917644270774,4.96047860783107e-13
sample_358,0.999988692721669,8.50257673579938e-06,2.80469023749188e-06,1.1358070649714e-11
sample_359,0.999997148910147,9.14766677844317e-07,1.9348803472064e-06,1.44282758033902e-09
sample_360,1.01630566939642e-07,1.06120056174602e-11,3.49327860825983e-08,0.999999863426035
sample_361,0.993528634958384,0.00554577679251035,0.000925588225192369,2.39135048483172e-11
sample_362,0.999935591634784,6.35011790326285e-05,9.07184465622764e-07,1.71757873771546e-12
sample_363,0.990002012746253,4.32825322494969e-05,0.00995470099739716,3.72410066961152e-09
sample_364,0.999998298598607,1.09346277127177e-06,6.07815768833209e-07,1.22852571506395e-10
sample_365,0.000347220055566314,0.999605891864679,4.68880797116552e-05,4.2694631940356e-14
sample_366,0.999995193934297,9.50419693286431e-07,3.85449533214156e-06,1.15067723459288e-09
sample_367,0.000286595369768022,0.999660758119953,5.26465102401699e-05,3.90987309412348e-14
sample_368,0.9999970177623,2.54300304834739e-06,4.39226803370596e-07,7.84813737106974e-12
sample_369,1.51816310174342e-05,3.39683166508073e-06,0.999981421537192,1.25276560296751e-13
sample_370,0.999996348703909,3.36434161098049e-06,2.86949930237295e-07,4.549851261883e-12
sample_371,4.04965363065317e-05,0.000158572018082217,0.999800931445482,1.29137718867283e-13
sample_372,0.999994699305913,3.8907354923939e-06,1.4099454153608e-06,1.31795326258529e-11
sample_373,0.999996738009922,1.01221130617876e-06,2.24947588262255e-06,3.02889331396527e-10
sample_374,0.9988309799539,6.38957145965205e-05,0.00110512403844349,2.93060111855328e-10
sample_375,0.997785614480794,3.30683963369551e-05,0.00218131586575058,1.25711799326081e-09
sample_376,0.999348813642106,0.000406392062286081,0.000244794268124572,2.74834325355275e-11
sample_377,0.012999233907055,0.00038889341774214,0.986611872651564,2.36390800802303e-11
sample_378,5.29965321469264e-06,0.999993560058872,1.14028791136776e-06,1.75536257961813e-15
sample_379,2.96571317941857e-06,2.0392130665348e-10,2.93642029129559e-07,0.99999674044087
sample_380,0.999488798803963,3.93209734315172e-05,0.000471879983782664,2.38822801253589e-10
sample_381,2.46594717665474e-05,8.43638322393015e-07,0.999974496889476,4.35080644926856e-13
sample_382,1.15213915359475e-07,1.18212824531159e-11,3.90089537205428e-08,0.99999984576531
sample_383,1.07918088828921e-06,0.999988254770795,1.06660483152803e-05,1.19487133084259e-15
sample_384,8.73688912735079e-07,0.999995784767837,3.34154324903831e-06,7.87654452397687e-16
sample_385,1.02004674710818e-05,0.999963720973602,2.60785589222778e-05,4.53059276855826e-15
sample_386,0.999993585734916,1.16872533814018e-06,5.24481019604911e-06,7.29549676693137e-10
sample_387,1.24408119392434e-06,0.999998055034454,7.00884351200996e-07,8.25708268342581e-16
sample_388,0.999414653721826,9.90683768010991e-06,0.000575436797302403,2.64319146753571e-09
sample_389,2.40649128918713e-05,4.61578817083189e-07,0.999975473507471,8.20464398483165e-13
sample_390,0.0138889493129462,8.66101081572355e-05,0.986024440518236,6.06601796922615e-11
sample_391,3.38255712893511e-05,3.42808377113663e-07,0.999965831618184,2.14988950727433e-12
sample_392,1.16496185550735e-06,0.999988807875223,1.00271629205541e-05,1.20383404054485e-15
sample_393,3.35919264653406e-08,1.10234716702851e-11,5.96595250277955e-08,0.999999906737525
sample_394,1.22245548955941e-05,0.99975380554091,0.000233969904184597,9.55073623873245e-15
sample_395,0.999998041747319,8.94275677330526e-07,1.06362926961446e-06,3.47733570135135e-10
sample_396,0.206531415141745,0.00302898251310675,0.790439602179918,1.65230130286181e-10
sample_397,0.000166717830823292,6.59851380177609e-07,0.999832622306655,1.11413148783626e-11
sample_398,0.999997823330475,1.3852164156204e-06,7.91419510044039e-07,3.35990611416338e-11
sample_399,0.999976117944679,2.18542609133487e-05,2.0277899119289e-06,4.49615708724407e-12
sample_400,2.03675373524599e-05,0.996836608456764,0.00314302400585349,3.02115513292277e-14
sample_401,9.24179113110644e-05,0.00101656299742235,0.99889101909105,2.16180868437144e-13
sample_402,0.99864485235147,0.00134896707341713,6.18057268119236e-06,2.43203464289888e-12
sample_403,0.999989656661399,8.00744896917996e-06,2.33587941007535e-06,1.02216629865458e-11
sample_404,0.00159807395393976,0.862550417480579,0.135851508564422,1.05967393970357e-12
sample_405,0.987679215312684,0.000155066574488326,0.0121657173468472,7.65980946253608e-10
sample_406,2.5260404259778e-06,0.999990334722963,7.13923660969763e-06,1.5412352691906e-15
sample_407,0.999988064628587,1.65678999505902e-06,1.02778967651368e-05,6.84653181107648e-10
sample_408,1.43602413341429e-05,2.58762045168027e-06,0.999983052138071,1.43561421256434e-13
sample_409,0.000198119954562085,0.999788894630894,1.29854145216582e-05,2.2308232350936e-14
sample_410,2.55659065686569e-08,4.04895631657785e-12,7.12109410870552e-09,0.99999996730895
sample_411,0.000225398120934079,6.29037944346602e-07,0.999773972818497,2.26249528898064e-11
sample_412,5.69201784521707e-07,0.999998632228249,7.98569965865259e-07,5.88984514726084e-16
sample_413,0.000153908524473235,0.999836418166092,9.67330941718294e-06,1.79785084040338e-14
sample_414,3.91598752068983e-07,0.999998724674984,8.83726262838296e-07,6.10914205276555e-16
sample_415,0.997667724572363,0.000395267154810658,0.00193700816959861,1.03227384662221e-10
sample_416,0.999926372098482,7.26099473593712e-05,1.01795240563759e-06,1.75278297386294e-12
sample_417,3.83763854236904e-05,6.08156440469759e-06,0.999955542049936,2.35612624800243e-13
sample_418,0.999925366782917,7.19740426904759e-05,2.65917131220425e-06,3.08053500142282e-12
sample_419,8.85906473014138e-05,0.997832919955847,0.00207848939679695,5.4575715475469e-14
sample_420,8.13186593382531e-05,4.36824001853388e-06,0.999914313100012,6.31528888797765e-13
sample_421,0.99994501412172,5.06782225546727e-05,4.30765079208669e-06,4.93342369025802e-12
sample_422,0.000216600712187806,7.78919735467581e-06,0.999775610088968,1.48975512495063e-12
sample_423,1.42219044493714e-05,0.99998360225759,2.17583795760405e-06,3.28249070534226e-15
sample_424,7.57154980301562e-07,0.999971148436381,2.80944086366318e-05,1.67327180158805e-15
sample_425,1.63302171202282e-08,6.60806439971979e-12,2.23564059048014e-08,0.999999961306769
sample_426,0.999992229540129,7.02402734062548e-06,7.46428023001623e-07,4.50757635080216e-12
sample_427,0.000261028285946398,0.999588479072311,0.000150492641693524,4.90076288747759e-14
sample_428,0.000135167773793057,3.74165166876838e-06,0.999861090573239,1.29873495144024e-12
sample_429,6.67476672284364e-05,5.09132776670151e-05,0.999882339054884,2.20743687001319e-13
sample_430,2.28869560907116e-08,2.99744772101047e-12,7.51763399605516e-09,0.999999969592413
sample_431,0.00223520800101324,1.01196666882974e-05,0.997754672302868,2.94305167090577e-11
sample_432,0.999957632584085,2.99210152691723e-06,3.93742389677592e-05,1.07542062789466e-09
sample_433,2.90882797723269e-06,0.999900431437235,9.66597347844855e-05,3.75403431068336e-15
sample_434,0.999974318003669,2.51549636262021e-05,5.27030923303643e-07,1.78175201881083e-12
sample_435,0.251763242749864,0.000766000891050403,0.747470755928821,4.30263959835872e-10
sample_436,4.11651363609203e-07,0.999987873813658,1.1714534977584e-05,1.2099636749424e-15
sample_437,0.999998333388756,1.18641428172246e-06,4.80164517672634e-07,3.24445984803933e-11
sample_438,2.19897932506321e-08,8.27019969207684e-12,1.58875670257653e-08,0.99999996211437
sample_439,0.999986020028531,1.14617749441407e-06,1.28272348161009e-05,6.55915838398938e-09
